0.029610294628209882
0.00033362402215084336
0.00015033739884472098
0.00013761424880250894
0.00013660350075554343
0.00013648583964369246
0.00013645532157054318
0.00013646969638155494
0.0001364574434034528
0.00013644882402736114
0.00013644042727749855
0.0001367272184766501
0.00013672249982229318
0.00013671329941732072
0.00013670350234429632
0.0001366951055826454
0.00013668506785713568
0.00013667541184910398
0.00013666476464674256
0.00013665302325628541
0.00013663917205970685
0.00013662452359555362
0.000136609159690982
0.0001365935726033888
0.0001365773702883505
0.00013656044409309564
0.00013654276676662523
0.00013652462502078175
0.0001365065014062855
0.00013648738420225223
