0.05791501984900109
0.00104244298682407
0.00015092147029511566
9.284203463923285e-05
8.800610303934744e-05
8.751733616839535e-05
8.742847557775464e-05
8.741778086781497e-05
8.744472025121084e-05
8.743561218650537e-05
8.742957918300506e-05
8.742522408626695e-05
8.742126158479151e-05
9.3301816248089e-05
9.817845178500503e-05
9.81595898636773e-05
9.812766976764195e-05
9.80848604428615e-05
9.804525156915058e-05
9.802026076378447e-05
9.800797250898259e-05
9.800210811455765e-05
9.799881562763068e-05
9.799649663304635e-05
9.799454583953617e-05
9.802113753382363e-05
9.805371781135052e-05
9.805166800895703e-05
9.804662708911126e-05
9.804299316070516e-05
