0.17449690609886476
0.06280304615757878
0.016104063560410307
0.0034371615639043293
0.0007551417439918829
0.00022586388099688035
0.00012555814377561777
0.00010636364505437324
0.00010234995135324555
0.00010392919773760438
0.00010354676223929783
0.0001033674240486444
0.00010326827677814518
0.00010320724155896172
0.00010316672307330876
0.00010313825519959954
0.00010311734924876802
0.00010310144349326861
0.00010308897380620306
0.00010307898537244314
0.00010307076662681605
0.00010306396906748733
0.00010305819875968238
0.00010305320045698004
0.00010304891306748274
0.00010304522042363784
0.00010304195183570228
0.00010303899566536732
0.00010303631516825284
0.00010303390259131812
