6.982285320200871
6.935972803197163
6.765733176064999
6.763869960713578
6.757416412407451
6.417232823672739
6.228406224048741
6.24379957800096
6.150766366570421
5.906700533825105
5.887829887601074
5.891605998360437
5.859735514544266
5.868364414927356
5.868513123238219
5.8162407533923055
5.815443354984987
5.816149315696203
5.815547655633474
5.684877312572002
5.639782602572693
5.639003338196647
5.639476030631963
5.638518304178386
5.638462189953025
5.6382825455641665
5.638653491774372
5.637924675139575
5.638088939456225
5.637319927053189
5.637702121257813
5.637905576031652
5.637904369362202
5.638247487132986
5.6373692768148205
5.637514374883366
5.595483588076662
5.593951623741106
5.593076320024162
5.593169044734234
5.592721162091831
5.593854246422669
5.5930533921757695
5.593159351051028
5.59228236058594
5.592407839243826
5.593212883698677
5.5928258881582265
5.593188766828045
5.592255087370846
5.592525012424316
5.592180679429741
5.592920811748022
5.59210621031371
5.5920570814218316
5.591523897817961
5.592407592835327
5.591886687837472
5.592265099646268
5.591457561394079
5.591512177605313
5.592503774317051
5.592030466611324
5.592585565679155
5.59151214815187
5.591918850054846
5.591892337792858
5.592732492025645
5.5921203231215
5.591276246899722
5.5908357223052745
5.591922055736932
5.591339562999367
5.591635755615122
5.59084620216964
5.5908073538964205
5.591619109956219
5.591229987305511
5.591642342239707
5.590778737991651
5.591198919494817
5.591186607955626
5.591952466178675
5.59122314316007
5.591201117287124
5.590832917631194
5.591886672168323
5.591283276009471
5.591616928920477
5.590827388026884
5.590831571120027
5.591625061881891
5.5913169604333905
5.591888601089221
5.59084042610505
5.591253088860865
5.591265659919687
5.591910801818684
5.591064295998545
5.591065108049854
