6.028803636374734
6.004801622433994
5.996751285624083
5.9568031611128385
5.909568427992767
5.9038682038337305
5.849681816153253
5.806568478733175
5.799793302905064
5.804267647424803
5.82206629057413
5.844846353403975
5.836568832552228
5.797927846297019
5.789803561411697
5.790169129038009
5.786741756965063
5.788858091736689
5.788518954125942
5.788452123420519
5.787576205011766
5.789287330886831
5.78244989588335
5.786417371723612
5.783342067691355
5.785835304274404
5.784490313047758
5.786032753372776
5.784512616223108
5.785157474317598
5.784207623995533
5.789152231568857
5.797846659492174
5.790277689318113
5.789448820025167
5.7916912473712285
5.78050381284864
5.772416990788407
5.771537546367082
5.771540407898551
5.776525547735802
5.77340727822585
5.770119208788105
5.770416198787423
5.773410897518711
5.769167900306545
5.769742706187131
5.790211624322473
5.787602651631621
5.771875246125976
5.781052960757835
5.808656136493344
5.786872351424399
5.777211558455668
5.797273351524096
5.7976611507570714
5.795279188503691
5.796576185850372
5.7962224258746184
5.796768958774082
5.79529045203766
5.796571295743482
5.796009185190696
5.797642723080313
5.795206465232288
5.7962920831894404
5.794770230237425
5.7944669551940455
5.793268445193997
5.794480624006339
5.793899290495458
5.794440866130203
5.7931036501328315
5.793809073687805
5.793862644464321
5.794202939135345
5.793256291583897
5.794102675052381
5.793590109664574
5.7945034346737705
5.793282045499779
5.776115757359878
5.759429067233709
5.750192835593293
5.7524325491219415
