0.21445153133751832
0.14269017291095054
0.08432716011814737
0.043850726525809916
0.02032746709543139
0.008613074725018054
0.00343280037760895
0.0013338221368356972
0.0005474676560745639
0.00026108497426094565
0.00016083005513844862
0.0001260900574961498
0.00011384561604835777
0.0001092500995930655
0.00010735459955815393
0.00010647423066221693
0.000106012827997395
0.00010574455795857738
0.00010557549086197466
0.0001054622108949834
0.0001053826126866288
0.00010532449964556246
0.00010528070820397628
0.00010524681650571787
0.00010521997904303735
0.00010519828868751063
0.00010518045516336835
0.00010516557417171759
0.00010515293568491037
0.00010514205812928115
