0.23346845740883046
0.18739360921331805
0.14487634176481903
0.10709862499589318
0.07573107228283373
0.051163682956961935
0.032835444824714274
0.020056787052486216
0.011828065441751686
0.006760439389141501
0.0037717360867870115
0.002078657304539302
0.0011506856400525154
0.0006547022306256896
0.0003962374443516509
0.00026352078096706066
0.00019612248287283505
0.00016210672249605023
0.0001449077592901657
0.00013607555093190593
0.0001314013837238059
0.0001288222887493307
0.000127327122180147
0.00012641282296797223
0.00012582329618398465
0.00012542414450026734
0.00012514221007526785
0.00012493587955548547
0.00012478039163437695
0.000124660352194851
